6 0.347656 0.551562 0.103125 0.067969
6 0.517188 0.541406 0.108594 0.067969
6 0.798438 0.637500 0.118750 0.081250
6 0.664062 0.559375 0.107813 0.075000
6 0.235156 0.600781 0.121875 0.082031
6 0.509375 0.628125 0.132031 0.089063
6 0.435937 0.828906 0.132812 0.100000
6 0.162500 0.687500 0.130469 0.092969
6 0.596094 0.821094 0.137500 0.096875
6 0.359375 0.647656 0.119531 0.089063
6 0.863281 0.717969 0.121875 0.085156
6 0.522656 0.724219 0.129688 0.101562
6 0.705469 0.741406 0.137500 0.100000
6 0.202344 0.889844 0.136719 0.100000
6 0.842187 0.815625 0.140625 0.102344
6 0.154688 0.789844 0.139063 0.100000
6 0.746875 0.909375 0.154688 0.118750
6 0.569531 0.953125 0.143750 0.093750
6 0.364063 0.948438 0.140625 0.103125
6 0.330049 0.766071 0.128079 0.089286
