6 0.358594 0.457031 0.138281 0.106250
6 0.494531 0.488281 0.163281 0.125781
6 0.610156 0.555469 0.136719 0.108594
6 0.753125 0.613281 0.161719 0.135937
6 0.625781 0.678125 0.175000 0.139844
6 0.746875 0.779687 0.198437 0.139063
6 0.479687 0.605469 0.163281 0.157812
6 0.333594 0.556250 0.153125 0.139844
6 0.191406 0.636719 0.183594 0.157812
6 0.365625 0.705469 0.180469 0.150000
6 0.607031 0.889062 0.211719 0.182031
6 0.198437 0.800000 0.231250 0.177344
6 0.389062 0.885156 0.234375 0.196875
6 0.515625 0.766406 0.164844 0.119531
