1 0.364063 0.894531 0.264062 0.168750
1 0.310156 0.742188 0.223438 0.146094
1 0.449219 0.616406 0.224219 0.097656
1 0.689063 0.632812 0.192969 0.160156
1 0.674219 0.839844 0.310937 0.156250
1 0.910156 0.921094 0.121094 0.157812
1 0.359375 0.889844 0.244531 0.171875
1 0.310937 0.735938 0.226562 0.162500
1 0.452344 0.612500 0.288281 0.100781
1 0.678906 0.637500 0.207031 0.160938
1 0.908594 0.921875 0.134375 0.152344
1 0.671875 0.837500 0.307031 0.155469
1 0.612500 0.936719 0.299219 0.125781
1 0.510938 0.783594 0.230469 0.169531
1 0.931250 0.817187 0.132031 0.165625
1 0.786719 0.736719 0.224219 0.144531
1 0.597656 0.688281 0.234375 0.100000
1 0.775000 0.961719 0.135937 0.076563
1 0.788281 0.899219 0.141406 0.103906
1 0.222656 0.826562 0.089844 0.103906
1 0.455469 0.685156 0.122656 0.051562
