1 0.277344 0.706250 0.186719 0.179688
1 0.346094 0.593750 0.168750 0.142969
1 0.514062 0.863281 0.192188 0.234375
1 0.593750 0.496875 0.189062 0.175781
1 0.595313 0.650000 0.178906 0.164062
1 0.800781 0.640625 0.185156 0.172656
1 0.642188 0.853125 0.106250 0.202344
1 0.689844 0.525000 0.064844 0.107813
1 0.373437 0.813281 0.178906 0.217969
1 0.727344 0.792969 0.169531 0.228125
1 0.458594 0.631250 0.121875 0.153906
1 0.465625 0.493750 0.124219 0.128125
1 0.548438 0.703125 0.077344 0.100781
1 0.495312 0.715625 0.152344 0.095312
