0 0.031250 0.037500 0.062500 0.075000
0 0.148438 0.237500 0.121875 0.146875
0 0.134375 0.374219 0.115625 0.135937
0 0.137500 0.505469 0.121875 0.135938
0 0.132812 0.645312 0.125000 0.140625
0 0.134375 0.792969 0.115625 0.151563
0 0.249219 0.784375 0.110937 0.156250
0 0.246875 0.631250 0.121875 0.156250
0 0.287500 0.500000 0.115625 0.146875
0 0.243750 0.379688 0.106250 0.146875
0 0.263281 0.232031 0.104687 0.157812
0 0.361719 0.256250 0.110937 0.162500
0 0.365625 0.409375 0.103125 0.184375
0 0.365625 0.609375 0.103125 0.190625
0 0.361719 0.784375 0.117188 0.156250
0 0.749219 0.481250 0.245312 0.293750
0 0.896094 0.180469 0.204688 0.282813
0 0.696094 0.103125 0.192188 0.206250
