2 0.280469 0.553125 0.306250 0.325781
2 0.714844 0.439844 0.238281 0.321094
2 0.482812 0.492969 0.234375 0.297656
2 0.248438 0.307812 0.260937 0.254688
2 0.586719 0.246094 0.253906 0.252344
2 0.567187 0.758594 0.328125 0.255469
2 0.860156 0.617188 0.264844 0.240625
2 0.415625 0.173437 0.185938 0.292187
2 0.228125 0.147656 0.200781 0.154688
2 0.394531 0.794531 0.219531 0.259375
2 0.676562 0.833594 0.243750 0.250000
2 0.091406 0.403906 0.136719 0.274219
2 0.601562 0.110156 0.201563 0.121094
2 0.750781 0.210938 0.120313 0.119531
