21 0.346875 0.113281 0.103125 0.131250
21 0.235937 0.193750 0.116406 0.138281
21 0.506250 0.092188 0.111719 0.141406
21 0.353906 0.265625 0.114844 0.163281
21 0.166406 0.336719 0.119531 0.156250
21 0.647656 0.117188 0.103906 0.143750
21 0.327344 0.469531 0.131250 0.169531
21 0.500000 0.228125 0.122656 0.160156
21 0.151562 0.506250 0.133594 0.173437
21 0.646875 0.267969 0.119531 0.160938
21 0.782031 0.232813 0.120313 0.158594
21 0.511719 0.385156 0.124219 0.181250
21 0.428125 0.563281 0.129688 0.182031
21 0.200000 0.674219 0.142969 0.178125
21 0.696094 0.414062 0.132812 0.174219
21 0.853906 0.371875 0.125000 0.152344
21 0.839063 0.529687 0.143750 0.185156
21 0.589844 0.550781 0.135937 0.180469
21 0.357812 0.780469 0.146094 0.207813
21 0.567187 0.799219 0.149219 0.208594
21 0.744531 0.693750 0.163281 0.215625
