21 0.358594 0.457031 0.138281 0.106250
21 0.494531 0.488281 0.163281 0.125781
21 0.610156 0.555469 0.136719 0.108594
21 0.753125 0.613281 0.161719 0.135937
21 0.625781 0.678125 0.175000 0.139844
21 0.746875 0.779687 0.198437 0.139063
21 0.479687 0.605469 0.163281 0.157812
21 0.333594 0.556250 0.153125 0.139844
21 0.191406 0.636719 0.183594 0.157812
21 0.365625 0.705469 0.180469 0.150000
21 0.607031 0.889062 0.211719 0.182031
21 0.198437 0.800000 0.231250 0.177344
21 0.389062 0.885156 0.234375 0.196875
21 0.515625 0.766406 0.164844 0.119531
