10 0.364063 0.894531 0.264062 0.168750
10 0.310156 0.742188 0.223438 0.146094
10 0.449219 0.616406 0.224219 0.097656
10 0.689063 0.632812 0.192969 0.160156
10 0.674219 0.839844 0.310937 0.156250
10 0.910156 0.921094 0.121094 0.157812
6 0.189062 0.417187 0.378125 0.332031
10 0.359375 0.889844 0.244531 0.171875
10 0.310937 0.735938 0.226562 0.162500
10 0.452344 0.612500 0.288281 0.100781
10 0.678906 0.637500 0.207031 0.160938
10 0.908594 0.921875 0.134375 0.152344
10 0.671875 0.837500 0.307031 0.155469
10 0.612500 0.936719 0.299219 0.125781
10 0.510938 0.783594 0.230469 0.169531
10 0.931250 0.817187 0.132031 0.165625
10 0.786719 0.736719 0.224219 0.144531
10 0.597656 0.688281 0.234375 0.100000
10 0.775000 0.961719 0.135937 0.076563
10 0.788281 0.899219 0.141406 0.103906
10 0.222656 0.826562 0.089844 0.103906
10 0.455469 0.685156 0.122656 0.051562
