2 0.081250 0.208594 0.162500 0.101563
2 0.083594 0.325781 0.139063 0.114063
2 0.423438 0.192969 0.153125 0.110937
2 0.396875 0.696875 0.140625 0.115625
2 0.325781 0.602344 0.167187 0.098438
2 0.426563 0.543750 0.165625 0.100000
2 0.310156 0.478125 0.164063 0.096875
2 0.456250 0.414062 0.128125 0.112500
2 0.560937 0.500781 0.140625 0.117187
2 0.692187 0.442188 0.175000 0.087500
2 0.714844 0.527344 0.170313 0.092188
2 0.527344 0.618750 0.170313 0.100000
2 0.532813 0.733594 0.137500 0.117188
2 0.676562 0.703125 0.175000 0.093750
2 0.744531 0.619531 0.170312 0.098437
