20 0.700781 0.282031 0.235937 0.193750
20 0.899219 0.349219 0.178906 0.257812
20 0.790625 0.584375 0.262500 0.229687
20 0.758594 0.773438 0.275781 0.196875
20 0.627344 0.543750 0.156250 0.375000
20 0.777344 0.421875 0.147656 0.139844
20 0.931250 0.609375 0.136719 0.321094
20 0.389844 0.315625 0.268750 0.216406
20 0.185156 0.321094 0.207031 0.220312
20 0.470313 0.596875 0.158594 0.351562
20 0.217188 0.736719 0.290625 0.244531
20 0.223438 0.529687 0.268750 0.239844
20 0.060937 0.521094 0.121875 0.373437
20 0.343750 0.503906 0.121094 0.359375
