20 0.212500 0.722656 0.134375 0.183594
20 0.481250 0.767188 0.146875 0.163281
20 0.352344 0.770312 0.152344 0.163281
20 0.107031 0.607031 0.119531 0.205469
20 0.553906 0.653906 0.154688 0.137500
20 0.614062 0.523438 0.135937 0.158594
20 0.225781 0.566406 0.146094 0.158594
20 0.430469 0.646094 0.127344 0.171875
20 0.307812 0.648438 0.151562 0.123438
20 0.518750 0.554688 0.147656 0.103906
20 0.337500 0.523438 0.099219 0.170313
20 0.080469 0.456250 0.102344 0.142969
20 0.164062 0.474219 0.107813 0.156250
20 0.170313 0.361719 0.128906 0.123438
20 0.633594 0.436719 0.132812 0.107813
20 0.382031 0.375781 0.132812 0.138281
20 0.477344 0.447656 0.119531 0.135937
20 0.607031 0.341406 0.135156 0.120313
20 0.181250 0.265625 0.108594 0.112500
20 0.257031 0.435937 0.118750 0.145313
20 0.521875 0.389844 0.122656 0.159375
20 0.414062 0.496094 0.077344 0.165625
20 0.285156 0.345313 0.103906 0.125000
20 0.284375 0.253125 0.118750 0.087500
20 0.271094 0.191406 0.125781 0.085156
20 0.439063 0.292187 0.106250 0.123438
20 0.395313 0.182812 0.128125 0.092969
20 0.361719 0.287500 0.085156 0.122656
20 0.506250 0.198437 0.109375 0.111719
20 0.556250 0.269531 0.101562 0.095312
